0.01,4,50,0.9407
0.01,4,100,0.9454
0.01,4,150,0.9478
0.01,4,200,0.9473
0.01,4,300,0.9487
0.01,4,400,0.9469
0.01,4,500,0.9447
0.01,5,50,0.9449
0.01,5,100,0.9526
0.01,5,150,0.9551
0.01,5,200,0.9539
0.01,5,300,0.9525
0.01,5,400,0.9522
0.01,5,500,0.9513
0.01,6,50,0.946
0.01,6,100,0.957
0.01,6,150,0.9571
0.01,6,200,0.9569
0.01,6,300,0.9595
0.01,6,400,0.9573
0.01,6,500,0.9586
0.01,7,50,0.9508
0.01,7,100,0.9579
0.01,7,150,0.9592
0.01,7,200,0.9604
0.01,7,300,0.9617
0.01,7,400,0.9616
0.01,7,500,0.9607
0.02,4,50,0.9515
0.02,4,100,0.9582
0.02,4,150,0.9601
0.02,4,200,0.96
0.02,4,300,0.9623
0.02,4,400,0.9614
0.02,4,500,0.9611
0.02,5,50,0.9511
0.02,5,100,0.9636
0.02,5,150,0.9644
0.02,5,200,0.9661
0.02,5,300,0.9689
0.02,5,400,0.966
0.02,5,500,0.969
0.02,6,50,0.9539
0.02,6,100,0.9641
0.02,6,150,0.9686
0.02,6,200,0.9678
0.02,6,300,0.9683
0.02,6,400,0.9704
0.02,6,500,0.9705
0.02,7,50,0.9544
0.02,7,100,0.9674
0.02,7,150,0.9701
0.02,7,200,0.97
0.02,7,300,0.9717
0.02,7,400,0.9718
0.02,7,500,0.9729
0.04,4,50,0.9511
0.04,4,100,0.9681
0.04,4,150,0.9693
0.04,4,200,0.969
0.04,4,300,0.9707
0.04,4,400,0.9713
0.04,4,500,0.972
0.04,5,50,0.9586
0.04,5,100,0.9673
0.04,5,150,0.9695
0.04,5,200,0.9732
0.04,5,300,0.9754
0.04,5,400,0.9737
0.04,5,500,0.9751
0.04,6,50,0.9561
0.04,6,100,0.9703
0.04,6,150,0.9724
0.04,6,200,0.9739
0.04,6,300,0.9771
0.04,6,400,0.9762
0.04,6,500,0.9764
0.04,7,50,0.9601
0.04,7,100,0.9696
0.04,7,150,0.9739
0.04,7,200,0.9749
0.04,7,300,0.9752
0.04,7,400,0.9771
0.04,7,500,0.9769
0.07,4,50,0.9534
0.07,4,100,0.9682
0.07,4,150,0.9689
0.07,4,200,0.9728
0.07,4,300,0.9744
0.07,4,400,0.9726
0.07,4,500,0.9757
0.07,5,50,0.9574
0.07,5,100,0.969
0.07,5,150,0.9724
0.07,5,200,0.9729
0.07,5,300,0.9741
0.07,5,400,0.9769
0.07,5,500,0.9746
0.07,6,50,0.9602
0.07,6,100,0.9681
0.07,6,150,0.9722
0.07,6,200,0.9748
0.07,6,300,0.9777
0.07,6,400,0.9761
0.07,6,500,0.9765
0.07,7,50,0.9547
0.07,7,100,0.9689
0.07,7,150,0.9704
0.07,7,200,0.9737
0.07,7,300,0.9772
0.07,7,400,0.9771
0.07,7,500,0.9767
0.11,4,50,0.9544
0.11,4,100,0.9665
0.11,4,150,0.9689
0.11,4,200,0.9734
0.11,4,300,0.9734
0.11,4,400,0.9738
0.11,4,500,0.9753
0.11,5,50,0.9522
0.11,5,100,0.9656
0.11,5,150,0.9693
0.11,5,200,0.9728
0.11,5,300,0.9722
0.11,5,400,0.9757
0.11,5,500,0.9742
0.11,6,50,0.9567
0.11,6,100,0.9671
0.11,6,150,0.97
0.11,6,200,0.9714
0.11,6,300,0.9742
0.11,6,400,0.9766
0.11,6,500,0.9776
0.11,7,50,0.9585
0.11,7,100,0.9626
0.11,7,150,0.9686
0.11,7,200,0.974
0.11,7,300,0.9769
0.11,7,400,0.9772
0.11,7,500,0.9766
0.16,4,50,0.9465
0.16,4,100,0.962
0.16,4,150,0.9702
0.16,4,200,0.9693
0.16,4,300,0.9712
0.16,4,400,0.9733
0.16,4,500,0.9745
0.16,5,50,0.9453
0.16,5,100,0.9631
0.16,5,150,0.9683
0.16,5,200,0.9719
0.16,5,300,0.974
0.16,5,400,0.9741
0.16,5,500,0.9762
0.16,6,50,0.9519
0.16,6,100,0.9656
0.16,6,150,0.9702
0.16,6,200,0.9737
0.16,6,300,0.974
0.16,6,400,0.9748
0.16,6,500,0.9777
0.16,7,50,0.9461
0.16,7,100,0.9625
0.16,7,150,0.9695
0.16,7,200,0.9714
0.16,7,300,0.9758
0.16,7,400,0.9763
0.16,7,500,0.9742
0.22,4,50,0.9493
0.22,4,100,0.9592
0.22,4,150,0.9669
0.22,4,200,0.968
0.22,4,300,0.9708
0.22,4,400,0.9709
0.22,4,500,0.9709
0.22,5,50,0.9445
0.22,5,100,0.9617
0.22,5,150,0.9661
0.22,5,200,0.9689
0.22,5,300,0.9711
0.22,5,400,0.9742
0.22,5,500,0.9734
0.22,6,50,0.9411
0.22,6,100,0.9595
0.22,6,150,0.9664
0.22,6,200,0.9674
0.22,6,300,0.9697
0.22,6,400,0.972
0.22,6,500,0.9722
0.22,7,50,0.9414
0.22,7,100,0.9579
0.22,7,150,0.9614
0.22,7,200,0.9691
0.22,7,300,0.9704
0.22,7,400,0.9741
0.22,7,500,0.9712
0.29,4,50,0.9395
0.29,4,100,0.9539
0.29,4,150,0.9585
0.29,4,200,0.964
0.29,4,300,0.961
0.29,4,400,0.9684
0.29,4,500,0.969
0.29,5,50,0.9388
0.29,5,100,0.9539
0.29,5,150,0.9626
0.29,5,200,0.9586
0.29,5,300,0.9643
0.29,5,400,0.9647
0.29,5,500,0.9655
0.29,6,50,0.9407
0.29,6,100,0.9499
0.29,6,150,0.9526
0.29,6,200,0.9573
0.29,6,300,0.9606
0.29,6,400,0.9702
0.29,6,500,0.9692
0.29,7,50,0.9414
0.29,7,100,0.953
0.29,7,150,0.9611
0.29,7,200,0.9609
0.29,7,300,0.9656
0.29,7,400,0.9637
0.29,7,500,0.97
0.39,4,50,0.9349
0.39,4,100,0.9419
0.39,4,150,0.9514
0.39,4,200,0.9491
0.39,4,300,0.952
0.16,6,500,0.9755
0.16,6,500,0.9755